includes/gis/temperature_zone.asc
ncols        66
nrows        62
xllcorner    3.058012935866
yllcorner    42.524345766221
cellsize     0.000122000000
NODATA_value -1.6999999999999999388e+308
[rows 17 to 33 of 62, columns 0 to 37 of 66]
-1.6999999999999999388e+308 -1.6999999999999999388e+308 -1.6999999999999999388e+308 -1.6999999999999999388e+308 -1.6999999999999999388e+308 13.595339574986697428 13.58359544313102063 13.569323456583861187 13.554798465708405075 13.539505647335806415 13.531293149971340029 13.537302488592739991 13.545266914026562688 13.553449440207835153 13.563021753312348494 13.578313040231305919 13.586456824669218335 13.59141846855357727 13.596424338815468857 13.606298843741535975 13.611783124920085797 13.610920430190024177 13.61515361658724288 13.622644415670638551 13.628732113462522335 13.632704232252137899 13.636818376917599238 13.638793020605378459 13.639672068252759018 13.642598348599220159 13.647628299227701376 13.655602455139160156 -1.6999999999999999388e+308 -1.6999999999999999388e+308 -1.6999999999999999388e+308 -1.6999999999999999388e+308 -1.6999999999999999388e+308 -1.6999999999999999388e+308
-1.6999999999999999388e+308 -1.6999999999999999388e+308 -1.6999999999999999388e+308 -1.6999999999999999388e+308 -1.6999999999999999388e+308 13.588584220627852872 13.576641844740580112 13.56120050382025255 13.54606664643111813 13.531134538664739253 13.515454940796287175 13.515098794254233994 13.522996501181168583 13.530194213655335034 13.539561244860944811 13.551940778949296273 13.560126281461515774 13.568448375630842051 13.571102812459121978 13.576774009047497316 13.585070867973291442 13.589011227769624668 13.593053265458094003 13.599314567954362332 13.608107760500654848 13.619206324527292296 13.631755447572217577 13.635267714331259725 13.637196165838886941 13.637844665119580156 13.638853275264990472 13.643288237810828889 13.651586749770075357 13.664038361855094905 13.66998537069643227 13.667433478156725712 13.661420882751277972 13.647686299760085404
-1.6999999999999999388e+308 -1.6999999999999999388e+308 -1.6999999999999999388e+308 -1.6999999999999999388e+308 -1.6999999999999999388e+308 13.582502827312483262 13.567178882927514394 13.552047272923090304 13.537310218242724957 13.521411112281056077 13.504122046125491607 13.496090790942918858 13.502936582768317209 13.50854837237011985 13.516528891883799801 13.525729603667853596 13.534498628695248001 13.540893080347538913 13.544483589797895462 13.54754391832837257 13.552776135012887693 13.557556989260962865 13.561586884865020508 13.566811120993618189 13.572651604733527719 13.586624824591087446 13.609613299453600987 13.626737119663248521 13.632289954159070078 13.633288847884742268 13.634474646284616028 13.635647932200853916 13.639508020212151251 13.646789049707365393 13.648943846425247273 13.636870824868884355 13.621492108615303351 13.60395245294072808
-1.6999999999999999388e+308 -1.6999999999999999388e+308 -1.6999999999999999388e+308 -1.6999999999999999388e+308 -1.6999999999999999388e+308 13.581547345772817081 13.564028366788331681 13.544763150664200779 13.528194041118013047 13.509138816343266853 13.493754025195578095 13.482383390269436774 13.482138265764017859 13.485138386784711884 13.488967787685952615 13.494789382509381426 13.501404061883617302 13.507992286096364154 13.51353776607032664 13.515380789097832803 13.518438313101256654 13.522909829607721477 13.530942863153294198 13.543703655026162025 13.552270027462421709 13.562358876989163647 13.581491168343744036 13.598288849417793145 13.615715758418769354 13.624841931375570425 13.631524539109348026 13.633881462529036099 13.636220457932056505 13.640610577724343599 13.635019753957839939 13.610458864044817417 13.58305134275346937 13.561378271768615988
-1.6999999999999999388e+308 -1.6999999999999999388e+308 -1.6999999999999999388e+308 -1.6999999999999999388e+308 -1.6999999999999999388e+308 13.579540259990531936 13.562415990900921869 13.541007667763448552 13.518155693014627161 13.49605921558646493 13.481820007551052143 13.470644625976213149 13.465457019104706049 13.464477899547059536 13.464715766522010298 13.465969691871119807 13.468616768782752047 13.471472551955320895 13.475095986062470388 13.477695146890399158 13.47954035451813759 13.482072072943173779 13.489587366810294355 13.502612751454480033 13.526357294480430227 13.551586301426672421 13.562177838183522738 13.575585621834450833 13.594309381299755302 13.607629454231249255 13.61703758781715301 13.628215488434406666 13.634848995308239239 13.635621156992316472 13.618454161596874386 13.594976257666596453 13.568396524771328515 13.537430516907409839
-1.6999999999999999388e+308 -1.6999999999999999388e+308 -1.6999999999999999388e+308 -1.6999999999999999388e+308 -1.6999999999999999388e+308 13.57617438514437147 13.558057878608188673 13.533509133974199301 13.504538516198365983 13.482926547816338925 13.468119366846904583 13.45713858293583165 13.450946635189204414 13.447181522889778194 13.445610466071435951 13.444650670567108719 13.44469246063431811 13.445139838029165347 13.446577009831576888 13.448019169348096824 13.450430301840569314 13.453258222131905697 13.457306279340262023 13.461426618447895009 13.473613470265814129 13.501700354085686584 13.536052259413818177 13.554232322678371858 13.570574971002224984 13.590499444834065912 13.603355474029841687 13.611156731189842262 13.621488536001105984 13.620043699259568371 13.608304615138223426 13.591103783735396959 13.564550322579846053 13.533439657655774724
-1.6999999999999999388e+308 -1.6999999999999999388e+308 -1.6999999999999999388e+308 -1.6999999999999999388e+308 -1.6999999999999999388e+308 13.573520008631110301 13.549039630058167916 13.517735252416937186 13.488244182309401253 13.468005763254913276 13.452629895537738136 13.441256799953327672 13.433095243354138404 13.426156330540660377 13.42259921110957066 13.420437869163153621 13.418497488778442062 13.418922240766130827 13.42014178438610017 13.421512459808329965 13.419798338817976457 13.418598118769679672 13.423744636776266503 13.444494389256805178 13.452291366891145685 13.473191407043261236 13.502514016719104006 13.52933852447106311 13.547010976997251319 13.563584456555984659 13.578970619220029903 13.591412251837265757 13.599074861953640792 13.602642189622370594 13.599595056163717999 13.587549254612120819 13.565254098097245361 13.538135955441539693
-1.6999999999999999388e+308 -1.6999999999999999388e+308 -1.6999999999999999388e+308 -1.6999999999999999388e+308 -1.6999999999999999388e+308 13.570751785300783965 13.535525864843357624 13.499714203506869126 13.47210751174952037 13.451124517947887327 13.43358681189062942 13.417878025349555315 13.410671281483864448 13.404112070568949378 13.397579989699794467 13.391085846256380876 13.389323427160119806 13.388961511031777007 13.389203471459758532 13.390174640718267796 13.387643974437080985 13.386593165060418187 13.391805082200084698 13.406629735213824617 13.435284311900066001 13.452996297007768334 13.474817556999756363 13.495866722883411271 13.517221312234928732 13.540535416449245076 13.557122120438563684 13.566279889361672062 13.573571303874130578 13.582372361606624978 13.585726419795602027 13.579706053237682539 13.564760834769833409 13.545399514820006814
-1.6999999999999999388e+308 -1.6999999999999999388e+308 -1.6999999999999999388e+308 -1.6999999999999999388e+308 -1.6999999999999999388e+308 13.527236951518823105 13.483674575998593426 13.451437198455007405 13.427636897985001596 13.410446073735522887 13.393349466720765761 13.384517304675631166 13.377168413518214507 13.368845358670872869 13.360737661250899677 13.359528691179319182 13.358753347414172197 13.358772801147988929 13.358795572543867181 13.35867457214694376 13.361380744624321792 13.372642554670218118 13.38664860500195708 13.408573744628306201 13.442025251332328395 13.4510309089748894 13.469538409871773865 13.486323296182728626 13.507827137389117667 13.528747514228689042 13.539354035490296368 13.548342800773067296 13.561387066067688068 13.570599804038586456 13.57291870880910345 13.565561276540064384 13.544381571004420195 13.522201555601746747
-1.6999999999999999388e+308 -1.6999999999999999388e+308 -1.6999999999999999388e+308 -1.6999999999999999388e+308 -1.6999999999999999388e+308 13.526488211255530913 13.477114788414743529 13.433828852876123605 13.404970023760331088 13.385175083006430441 13.367455027368022158 13.358651064470526748 13.349917075493424434 13.339798733096879246 13.332664849103190718 13.331496812502665605 13.331315508300093597 13.331336419531071513 13.331362711935961229 13.331897078748832897 13.339914368502570952 13.353063815077126364 13.366880199991861389 13.383349469804587173 13.408938525727760904 13.438659972785139018 13.449553142175151521 13.460627987313051435 13.477163683329861144 13.495791794241139172 13.510437950098152626 13.520403722117094958 13.534707269107233429 13.551557813319707435 13.558729826819803321 13.559732439994199638 13.544251671426076555 13.525345223128853789
-1.6999999999999999388e+308 -1.6999999999999999388e+308 -1.6999999999999999388e+308 -1.6999999999999999388e+308 -1.6999999999999999388e+308 13.527971040760444765 13.482164200643733665 13.436561681282135794 13.393556386275427883 13.36182121564912606 13.343012817633102429 13.332436349232537509 13.325068060902662381 13.315329911739365087 13.306040631978509836 13.305066887600199621 13.304698364583718018 13.305121771104738926 13.306324204478992002 13.307649996195586084 13.316090587607666507 13.327709410673518775 13.340756653832025691 13.35673496365108015 13.373604347652539914 13.390422364841580105 13.413976590172310921 13.432973604938489132 13.447121574423457346 13.464571321006078009 13.479250596316513011 13.492361516495709139 13.509613262059115613 13.526345883825445782 13.541846623059127452 13.545737420671461138 13.538777935532721131 13.525428700051559616
-1.6999999999999999388e+308 -1.6999999999999999388e+308 -1.6999999999999999388e+308 -1.6999999999999999388e+308 -1.6999999999999999388e+308 13.530983313553550218 13.481405045511845486 13.430072681296401527 13.383625284126882349 13.344946718492838755 13.324312211276552631 13.308005774013517808 13.298262690273496389 13.290900409498386026 13.284331991939408724 13.279045756098724951 13.278696490127284591 13.281293650738476231 13.284649207993448172 13.286512331200661663 13.291796879686931021 13.299685919668307932 13.310022116666621272 13.324924153227572177 13.337493501906330096 13.354323752586319429 13.373462759875327066 13.390360552043699016 13.409652259714182065 13.429945341935644265 13.450132570689465439 13.465575331478385479 13.483719106057673542 13.501997675888942396 13.516253507826256453 13.527422953647093351 13.528032647290334722 13.518925093025318418
-1.6999999999999999388e+308 -1.6999999999999999388e+308 -1.6999999999999999388e+308 -1.6999999999999999388e+308 -1.6999999999999999388e+308 13.527650134724460429 13.473895161652727381 13.421902684833426633 13.372698255302296388 13.327294461672257953 13.305828476814996364 13.287125825854078087 13.272826624163018394 13.266080843776652642 13.26248766323755035 13.258145765088061196 13.257606454540644236 13.260802507779203552 13.264003673302395825 13.26702247331397011 13.271633601065207841 13.276719656635139089 13.284335973611584691 13.298986275837970439 13.309969178034782189 13.320858076291584027 13.338053378875695643 13.360853197349984001 13.387668015555629353 13.406534197431302147 13.423350117754358379 13.440215991262341788 13.459632134423969774 13.47392506623763353 13.488654022339449767 13.499656447039159346 13.507127879677092608 13.505653176841391883
-1.6999999999999999388e+308 -1.6999999999999999388e+308 -1.6999999999999999388e+308 -1.6999999999999999388e+308 -1.6999999999999999388e+308 13.521466313581159469 13.467109705057300317 13.413737073938058586 13.361762955917507512 13.311593634627433502 13.282628187533338959 13.258166596341975918 13.247800700445234057 13.247173950684368648 13.244966841919717737 13.239638929494066844 13.237354558921465397 13.241539374126402251 13.245524507431319705 13.249339729452179526 13.254480617978607881 13.257684713208625737 13.260319410501365311 13.269030644081372117 13.285350680529409928 13.297291866590178699 13.309712418548288682 13.33688964834077062 13.367202859947854066 13.386186857964348818 13.405809794693826831 13.416889881751954405 13.431530541796648848 13.445799814431184771 13.462526322293408398 13.487741976530978505 13.492282773534494567 13.491528840767223585
-1.6999999999999999388e+308 -1.6999999999999999388e+308 -1.6999999999999999388e+308 -1.6999999999999999388e+308 -1.6999999999999999388e+308 13.517410267766951648 13.46563468140593578 13.413857688977929072 13.363261058411760374 13.315042447647231327 13.27186776911899635 13.236861370053468079 13.231658587585478415 13.231654906063809563 13.229057453838475311 13.223131483122868346 13.220430506130000481 13.223454072001658233 13.227267174037468322 13.231867902411391213 13.23719697495365466 13.239983542531890137 13.242104626455539318 13.248363242249595828 13.262160519447361295 13.275944627839121992 13.291555653535169768 13.315678250042520148 13.347472005494635638 13.364655861032179729 13.378116785128689514 13.394406856176155785 13.404625704116911677 13.417381447073823963 13.430536560179280769 13.460318074424723278 13.476349267780364016 13.474532713179263155
-1.6999999999999999388e+308 -1.6999999999999999388e+308 -1.6999999999999999388e+308 -1.6999999999999999388e+308 -1.6999999999999999388e+308 13.525309835758642762 13.473132740802881813 13.422524809842183657 13.374100342041231215 13.326491668741375918 13.282263427926626065 13.244028941015596246 13.231548786839997689 13.228157665028387413 13.219243547275901562 13.20957360145703241 13.204529506451473608 13.207161732750956062 13.211552465443174853 13.216124175795515683 13.219723910902338559 13.222525166476236436 13.225338671854135697 13.229206564763638099 13.240505282580437907 13.254628807662564682 13.273425636168852293 13.295300371821049623 13.319394383629049372 13.331378819078070208 13.345709167339256496 13.363451957834993067 13.377790437644845767 13.390026182437662072 13.403777905958017769 13.427255088842905195 13.449476679191826989 13.456788904477768654
-1.6999999999999999388e+308 -1.6999999999999999388e+308 -1.6999999999999999388e+308 -1.6999999999999999388e+308 -1.6999999999999999388e+308 13.537641279837091091 13.4812864347639767 13.432005596695665517 13.384977744083311535 13.337775955630190694 13.291771777697087842 13.256099942618190468 13.233876880034088686 13.219638771004534661 13.209302797565198873 13.199174462592372592 13.190596066432981104 13.192248681352344519 13.196225329193413955 13.199066043207880128 13.202817253417304499 13.204869105359877679 13.208294856864819522 13.213020556802417715 13.222312991373183166 13.234367505570551415 13.253188928830137883 13.273832978759932288 13.287726546549061268 13.300348330144380782 13.314387286540434019 13.329795135067028511 13.345167285993984052 13.361196607653750945 13.380220401286642584 13.405124691660489589 13.42139534192504513 13.43045393425796874
