includes/gis/temperature_zone.asc
ncols        66
nrows        62
xllcorner    3.058012935866
yllcorner    42.524345766221
cellsize     0.000122000000
NODATA_value -1.6999999999999999388e+308
[rows 34 to 50 of 62, columns 0 to 37 of 66]
-1.6999999999999999388e+308 -1.6999999999999999388e+308 -1.6999999999999999388e+308 -1.6999999999999999388e+308 -1.6999999999999999388e+308 13.537932532381729445 13.487144103461059075 13.442452962665930372 13.397634551124852464 13.34965788652824159 13.305025089202176858 13.268385040862513691 13.239573026029573199 13.217753121867316324 13.201122177634843524 13.189219572087594656 13.179443931123939748 13.180674736325762808 13.183287725429901016 13.185875341990772824 13.187879232536115381 13.189171513198731489 13.193135425908401714 13.196534919425349841 13.205344076252327312 13.215148222531643896 13.230079352916428448 13.247373177122021559 13.257863510379515048 13.269457637796119087 13.281466634601752475 13.300371704693390029 13.313142343513609589 13.328857830932731687 13.352895630214915101 13.371639903525387894 13.390452398444402604 13.402031162625435812
-1.6999999999999999388e+308 -1.6999999999999999388e+308 -1.6999999999999999388e+308 -1.6999999999999999388e+308 -1.6999999999999999388e+308 13.541175965844567841 13.497351864081933215 13.454516463796485581 13.412081582346662145 13.365687687431030639 13.316717818059700562 13.276720985232943306 13.245301744145487888 13.220666217678200383 13.201356705928809276 13.181013178447313905 13.16811984946310865 13.168968014688047674 13.171959620332360785 13.174932301121124567 13.177097332698256338 13.178155412034550764 13.18097349648413541 13.184034515735511661 13.189006133403308851 13.197284846912792133 13.207518158295872723 13.217529049620690529 13.229449657078141911 13.237159877674898212 13.249563158793792539 13.262842784657420836 13.276604838044953283 13.303629599565230279 13.330070268115942866 13.349819425019617825 13.361905820673706913 13.375240355138597437
-1.6999999999999999388e+308 -1.6999999999999999388e+308 -1.6999999999999999388e+308 -1.6999999999999999388e+308 -1.6999999999999999388e+308 13.54983225388416912 13.509594842987853625 13.466797578147781778 13.425158800842918794 13.382523481509897678 13.334726472176299694 13.29074259523678414 13.251606031163326804 13.221847177269848927 13.201469572006200082 13.174557899652723947 13.156218690171698427 13.157649213518276099 13.160841570522956445 13.163995937805612613 13.165599149869333218 13.167003167012007125 13.168664939525037028 13.171715961205313405 13.176288876267731709 13.180404675643785595 13.185811036133253893 13.19007706020621562 13.201631007817969277 13.205117839075752428 13.216624226235708761 13.237114441525960729 13.256492867454387152 13.281954727051136445 13.305988358335969934 13.32715041229998576 13.337555890004381354 13.342561261238751413
-1.6999999999999999388e+308 -1.6999999999999999388e+308 -1.6999999999999999388e+308 -1.6999999999999999388e+308 -1.6999999999999999388e+308 13.554340312626667497 13.517094003121625789 13.478655214098413495 13.437048583111135258 13.399170276311238581 13.353754474925827012 13.309346928718639447 13.267568735404887903 13.231636294590128244 13.204160732536573519 13.173064736222336535 13.151559364248699424 13.151588916946566954 13.152235915410162903 13.153642630624597487 13.154440943804445396 13.154665272282247912 13.154932002349051245 13.156463902815584532 13.160800711862950862 13.163706859658502069 13.168470214031804844 13.168166048569540649 13.172345114295797686 13.181488418300725485 13.199565285969743655 13.219148373102855842 13.239227306079850877 13.259042977190583557 13.281207854393565881 13.30293718437023287 13.31806994570585978 13.318430969182328383
-1.6999999999999999388e+308 -1.6999999999999999388e+308 -1.6999999999999999388e+308 -1.6999999999999999388e+308 -1.6999999999999999388e+308 13.560482798028745677 13.521849539405653928 13.484397225928010045 13.448519883649762363 13.415623847991563267 13.373974555092907224 13.329957529095196378 13.287781546524264797 13.252931653786044208 13.220161915746674097 13.17672031630538676 13.151515960693357599 13.15151608384013393 13.151522859096223428 13.151539571707342446 13.151479495869182301 13.148935572900352753 13.146684984523020034 13.147351284962708107 13.149355390479149364 13.150546929145853881 13.150833971754213536 13.151117836706159636 13.15359715096872506 13.165226081746569164 13.186098568473482828 13.203620185884140881 13.220421873086401376 13.240185716448484854 13.260529131763089339 13.28023037678566709 13.295023715225767091 13.296291925339955853
-1.6999999999999999388e+308 -1.6999999999999999388e+308 -1.6999999999999999388e+308 -1.6999999999999999388e+308 -1.6999999999999999388e+308 13.573506192919898794 13.539634523918492093 13.495510201320225718 13.46139357563787442 13.433468274663118436 13.398344079467834788 13.351951778930649439 13.30762276803533517 13.273138189609767323 13.237025142704110792 13.195079827534708983 13.172052522651091166 13.165488124508245349 13.156885891576964198 13.151505678482427797 13.151032094723687393 13.147805392744114528 13.143128970903132924 13.140480477435144024 13.14026179944376338 13.143454865657906439 13.147239079814905693 13.148010606683575574 13.14865177156634779 13.154145731722367785 13.173744387616892482 13.190635566798327716 13.20658181800080655 13.22269458991382507 13.2426908450058054 13.25789550553826146 13.271171614924284654 13.269375310819460978
-1.6999999999999999388e+308 -1.6999999999999999388e+308 -1.6999999999999999388e+308 -1.6999999999999999388e+308 -1.6999999999999999388e+308 13.573339221976876701 13.556180475827950715 13.514118114120952541 13.481203830242854735 13.452112781963457167 13.421766238518246794 13.379895284750087825 13.336524156967817234 13.300837250752554297 13.262645995385437203 13.227885847184648327 13.203687155351289562 13.195154184157036781 13.179328807728495576 13.165584156996976262 13.155978792507136532 13.147983212911714901 13.143198355124273036 13.138333913174545131 13.135736283106330902 13.136946176695580846 13.14208810286833895 13.14663142546750052 13.147904886068522146 13.151341161807190261 13.162523865838121395 13.177852789266589539 13.192453163320800869 13.207669895009418681 13.22640665130144022 13.241356913032408471 13.247599495496462652 13.244185355623866229
-1.6999999999999999388e+308 -1.6999999999999999388e+308 -1.6999999999999999388e+308 -1.6999999999999999388e+308 -1.6999999999999999388e+308 13.55806482403892943 13.560048038710338147 13.53132294046789319 13.501432652312709948 13.472539037242274418 13.442038855911624395 13.407105407134425334 13.36785512777519358 13.33141172009947617 13.296304817915093111 13.260582251293303813 13.232999763336829702 13.219658315645165914 13.204999575685288704 13.186958651464781411 13.170743993050452403 13.156221133801402345 13.145771015386907621 13.136337450196029053 13.133651878653573419 13.138073907396467632 13.144432051967349651 13.146821681316046337 13.14838880839174351 13.149658199481365273 13.152132229820717058 13.163184768047774043 13.177379250173197889 13.192125233447891119 13.206823460163128914 13.221517371707884436 13.226563069115853111 13.221582385730602738
-1.6999999999999999388e+308 -1.6999999999999999388e+308 -1.6999999999999999388e+308 -1.6999999999999999388e+308 -1.6999999999999999388e+308 -1.6999999999999999388e+308 -1.6999999999999999388e+308 13.54379269384957496 13.522657483882413842 13.493171482720505594 13.462658075751052777 13.426195423599940781 13.387773593021574214 13.352361444848456884 13.321297519876546644 13.293352266921004912 13.266765241608560189 13.24660472245920495 13.230788523316904914 13.211996340709763587 13.19124212777668248 13.174273956423045107 13.161443046928816614 13.151369858470530971 13.148529825412330396 13.149246142459059428 13.147340574418826975 13.148348531036862852 13.149178659938245417 13.150267758746995383 13.149678355179714728 13.152176744061728542 13.162964211947324245 13.176111579094596848 13.191177871784834252 13.20198287085661093 13.203557895316002657 13.198242810132247982
-1.6999999999999999388e+308 -1.6999999999999999388e+308 -1.6999999999999999388e+308 -1.6999999999999999388e+308 -1.6999999999999999388e+308 -1.6999999999999999388e+308 13.567615509033203125 13.54501595065047681 13.536569077590478116 13.513778673003056241 13.475389944273283405 13.440303606009354809 13.402701536424437734 13.369742897883538646 13.34600602840738226 13.324178990479429885 13.299890350882677126 13.278006408936654736 13.257321317927706517 13.23645808344719832 13.21697040697467429 13.199380333199588478 13.180434105163364222 13.164464045688577087 13.155690100408209631 13.15368520066371083 13.150599093903611703 13.14937239068389907 13.150445895301862365 13.149425823112260048 13.147368840342227969 13.147289139290940341 13.151692719758793615 13.16044074830907995 13.172846239709956606 13.181716348085219082 13.182895262580053952 13.178240589687804984
-1.6999999999999999388e+308 -1.6999999999999999388e+308 -1.6999999999999999388e+308 -1.6999999999999999388e+308 -1.6999999999999999388e+308 13.56810915576311416 13.568605242678762224 13.545597257378913625 13.536012144486152309 13.516620101124749098 13.481384716674668311 13.450669552421084418 13.418050433124234289 13.392190581208746281 13.372584586851845145 13.350645622243352051 13.327900787941796779 13.304787474063260788 13.281551786656422109 13.260318787943457863 13.2418957977693168 13.221453750590203668 13.202365267488112011 13.184542155615170955 13.169189261004557778 13.160528114003573918 13.156006058879597731 13.152343241344567559 13.150201657455381721 13.147816682700891988 13.145158287463896585 13.14444916316506351 13.145158392289234328 13.149471464273231547 13.156938389639980969 13.163492859840577154 13.163327406363061201 13.157910796573460743
-1.6999999999999999388e+308 -1.6999999999999999388e+308 -1.6999999999999999388e+308 -1.6999999999999999388e+308 -1.6999999999999999388e+308 13.565054414736476218 13.561484859653054613 13.541817042141527594 13.532251119523101224 13.520408449749300672 13.494824812584969465 13.463630605869397527 13.440057213093062671 13.416205575297576402 13.397222620400878412 13.37578731291223022 13.349508414091548758 13.331123136561734199 13.305278618727788498 13.280820361340497371 13.263008250473404814 13.243274885308460753 13.223915300228611613 13.208699829471227005 13.193202287979580944 13.183301240141453547 13.174613477720805932 13.166017844344469978 13.152310975637270474 13.146041666167565864 13.14350996985572273 13.141804126437209632 13.138346015429458902 13.138631667405549663 13.144094731394149633 13.146964005469708781 13.144186815858530437 13.138212975521760484
-1.6999999999999999388e+308 -1.6999999999999999388e+308 -1.6999999999999999388e+308 -1.6999999999999999388e+308 -1.6999999999999999388e+308 13.557703740164502193 13.55393632593536779 13.535258713124504126 13.529080555482821069 13.523599819884582374 13.503582444407342678 13.474617650312172401 13.457576897818148254 13.435889104305390518 13.417102484245789995 13.395436932974257971 13.367306910426536959 13.352987226960596701 13.326627991682320484 13.29846763864471626 13.279257567692487996 13.262734293507728367 13.242825430994724201 13.227847425386297431 13.208098042035985031 13.194969426348251318 13.181287891118765643 13.167285023608497951 13.154113345850710459 13.144529512664881565 13.140039565914827691 13.136216993517452423 13.131346607435490981 13.130581134385606035 13.13241326727475311 13.130850802594435933 13.128058920387276842 13.125188388810677509
-1.6999999999999999388e+308 -1.6999999999999999388e+308 -1.6999999999999999388e+308 -1.6999999999999999388e+308 -1.6999999999999999388e+308 13.536012777835029652 13.518068691538763559 13.516628698998095715 13.519189116897766922 13.518899942559988503 13.506454599670227879 13.486944473282218127 13.472978593914527679 13.459037032318077465 13.437318640003189429 13.414443691896865474 13.384210785212488304 13.363193046084338889 13.342948493354306549 13.314844097391723921 13.298043229148381883 13.275091999163260326 13.254117224016482623 13.236264305272872122 13.218993125487603635 13.199892210688684457 13.183163601773740581 13.165618796821203063 13.150372343584082913 13.139480773996288221 13.132607794280579228 13.129461707754115807 13.127022076071801493 13.12479274878613289 13.124088700670348828 13.121197494765922897 13.119088043018132694 13.118052691502949614
-1.6999999999999999388e+308 -1.6999999999999999388e+308 -1.6999999999999999388e+308 -1.6999999999999999388e+308 -1.6999999999999999388e+308 13.468488408595813866 13.473762870098502376 13.486106162950999732 13.504730433461851646 13.509830358137902451 13.505463359106013144 13.48562813358264556 13.472099456699080378 13.472527065571583194 13.457854771560372242 13.430096365784287116 13.397786006094817068 13.371106174336800265 13.349650294722541943 13.323251435029208167 13.30017718667128257 13.275777444903781088 13.253424519512851276 13.234130340499243417 13.214858784515641332 13.195820391918569925 13.178332178205474534 13.161233866244243629 13.145063236361089309 13.134575165604170266 13.125581710278671821 13.121515772503782316 13.118729683084488613 13.115860344110560121 13.114307977882788236 13.112913131693199276 13.112016365608431201 13.112454049160096048
-1.6999999999999999388e+308 -1.6999999999999999388e+308 -1.6999999999999999388e+308 -1.6999999999999999388e+308 -1.6999999999999999388e+308 13.454225143632459805 13.455041959511884642 13.461073296184496328 13.477434118122626927 13.494544369523568506 13.4880908518797753 13.47165026358752371 13.462646032219849346 13.464749124074264941 13.461912728685820895 13.441930094594262357 13.405631367300760104 13.373744808418479124 13.34615734727926295 13.319336675586940899 13.294148021684138783 13.270846316505691576 13.247777835715552897 13.225305291059211044 13.206593122719123556 13.187761638922022911 13.163421899607369525 13.147051925476290535 13.136904696701090955 13.128723893271672551 13.121058014621626242 13.115423589975014451 13.111421536748988359 13.109443219831430127 13.10785553772538492 13.10638956548297962 13.106296946950177329 13.105203505009164644
-1.6999999999999999388e+308 -1.6999999999999999388e+308 -1.6999999999999999388e+308 -1.6999999999999999388e+308 -1.6999999999999999388e+308 13.451436944028371201 13.44786676976123907 13.448898557596926651 13.454743180371700362 13.464254610993336314 13.46200332316327497 13.454264477123912158 13.450867003996460625 13.448415826648457028 13.450529594814470968 13.440801796999362949 13.411408130107368208 13.380265461453964448 13.353602422162028418 13.327962926709636449 13.298684102758008052 13.268293077213854758 13.242243676738210567 13.216406524034567838 13.198888575048908223 13.181348220988056141 13.156737699868710223 13.141019232980506004 13.132489795769537011 13.124914705392862757 13.117472208616959506 13.111973626809705351 13.107683600727218831 13.104610660953536438 13.102633078844304393 13.100687872669526612 13.099000092152857988 13.095711234896036501
